AC01: [-26.147880, -70.598660, 346]
AC02: [-26.835517, -69.129067, 3980]
AC04: [-28.204575, -71.073928, 228]
AC05: [-28.836377, -70.273777, 1227]
AC06: [-27.357117, -70.354689, 380]
AF01: [-22.951960, -68.178760, 2442.9]
AP01: [-18.370840, -70.341970, 31]
AP02: [-18.853959, -69.143334, 4334]
AY02: [-46.483920, -73.194740, 79]
AY03: [-47.253042, -72.590769, 206.5]
AY04: [-46.582606, -71.690900, 308.4]
AY05: [-45.150958, -73.511667, 20.5]
BI02: [-36.663400, -71.273100, 913]
BI03: [-36.843800, -73.025800, 196]
BI04: [-38.411610, -73.886220, 41]
BI05: [-36.747840, -73.190510, 52]
BI06: [-36.131306, -72.788472, 23]
BO01: [-34.391700, -71.084800, 262.5]
BO02: [-34.792400, -70.781400, 886]
BO03: [-34.496050, -71.961200, 128]
BO04: [-33.988840, -70.609020, 625]
CO01: [-29.97730, -70.09390, 2157]
CO02: [-31.20370, -71.00030, 1190]
CO03: [-30.838900, -70.689100, 1003]
CO04: [-32.043300, -70.974700, 2401]
CO05: [-29.918640, -71.238410, 101]
CO06: [-30.673813, -71.634987, 246.6]
CO10: [-29.240570, -71.460870, 35]
DG06: [-33.456300, -70.662400, 609]
GO01: [-19.66850, -69.19420, 3809]
GO02: [-25.1626, -69.5904, 2550]
GO03: [-27.59370, -70.23470, 730]
GO04: [-30.172700, -70.799300, 2076]
GO05: [-35.009900, -71.930300, 488]
GO06: [-39.583900, -71.472000, 1258]
GO07: [-43.114200, -73.664400, 178]
GO08: [-48.464800, -72.556600, 1000]
GO09: [-51.270699, -72.338097, 372]
GO10: [-53.154598, -71.049797, 652]
HMBCX: [-20.27822, -69.88791, 1152]
IN44: [-62.478742, -59.664009, 55]
LC01: [-38.897520, -71.876050, 406]
LC02: [-38.791890, -73.394710, 67]
LL01: [-42.378700, -72.412500, 62]
LL02: [-43.190550, -71.848380, 368]
LL03: [-41.138400, -72.403360, 227]
LL04: [-40.909720, -72.408170, 247]
LL05: [-41.405341, -73.474450, 208]
LL06: [-42.215136, -73.628300, 180]
LL07: [-42.832350, -73.477850, 53.50]
LR03: [-39.632184, -72.345701, 253.2]
LR04: [-39.880190, -73.425822, 93.60]
LR05: [-40.229975, -72.004400, 203.5]
MG01: [-54.932200, -67.630000, 57]
MG02: [-52.780800, -69.224200, 82]
MG03: [-53.847980, -70.462750, 83]
MG04: [-52.857200, -71.570000, 82]
MG05: [-51.678400, -72.503200, 99]
ML02: [-35.762600, -71.418100, 237]
MNMCX: [-19.13108, -69.59553, 2304]
MT01: [-33.864100, -71.250900, 310]
MT02: [-33.259100, -71.137700, 323]
MT03: [-33.493600, -70.510200, 1087]
MT04: [-33.466388, -70.136194, 1922]
MT05: [-33.391900, -70.738100, 765]
MT07: [-32.975956, -71.015636, 2234]
MT08: [-33.405158, -70.133366, 2045]
MT09: [-33.776220, -70.988670, 1371]
MT10: [-33.272790, -70.537230, 1410]
MT12: [-33.732730, -70.548690, 727.10]
MT13: [-33.743500, -70.286090, 1198.6]
MT14: [-33.395730, -70.536232, 855.50]
MT15: [-33.599397, -70.506261, 784.40]
MT16: [-33.42848, -70.523351, 780]
MT18: [-33.46310, -70.66439, 525]
PATCX: [-20.82071, -70.15288, 832]
PB01: [-21.043230, -69.487400, 900]
PB02: [-21.319730, -69.896030, 1015]
PB03: [-22.048470, -69.753100, 1460]
PB04: [-22.333690, -70.149180, 1520]
PB05: [-22.852830, -70.202350, 1150]
PB06: [-22.705800, -69.571880, 1440]
PB07: [-21.726670, -69.886180, 1570]
PB08: [-20.141120, -69.153400, 3060]
PB09: [-21.796380, -69.241920, 1530]
PB10: [-23.513430, -70.554080, 250]
PB11: [-19.760960, -69.655820, 1400]
PB12: [-18.614060, -70.328090, 908]
PB14: [-24.625970, -70.403790, 2630]
PB15: [-23.208335, -69.470920, 1830]
PB16: [-18.335100, -69.507670, 4480]
PB18: [-17.589540, -69.480000, 4155]
PB19: [-23.904780, -69.290647, 2480]
PSGCX: [-19.59717, -70.12305, 966]
PX06: [-23.511520, -70.249530, 700]
TA01: [-20.565600, -70.180700, 75]
TA02: [-20.270500, -70.131100, 86.5]
VA01: [-33.022813, -71.647523, 75.6]
VA02: [-27.160300, -109.43450, 49]
VA03: [-32.763700, -70.550800, 1053]
VA04: [-33.642700, -78.829900, 117]
VA05: [-33.657110, -71.614280, 80]
VA06: [-32.561170, -71.297650, 80] 

